Fan codes

Speed:
[15:24:39][D][remote.raw:028]: Received Raw: 
[1130, -1037, 138, -1247, 92, -1482, 1000, -617, 138, -645, 219, -2439, 82, -1436, 133, -1650, 100, -1530, 139, -1416, 139, -197, 190, -148, 405, -8994, 292, -619, 99, -816, 502, -1090, 94, -1464, 662, -1730, 348, -2353, 136, -1440, 137, -3148, 138, -1702, 451, -143, 302, -9017, 138, -647, 136, -644, 348, -504, 278, -2273, 1054, -590, 139, -256, 136, -1086, 103, -1580, 139, -7269, 138, -745, 102, -8825, 134, -148, 196, -1190, 139, -2587, 137, -331, 272, -1144, 158, -198, 142, -6053, 138, -1518, 138, -1493, 138, -771, 141]

[1297, -374, 1271, -399, 485, -1171, 1270, -400, 1270, -399, 459, -1197, 459, -1197, 459, -1197, 458, -1198, 459, -1198, 1268, -401, 458, -7918, 1244, -426, 1243, -426, 433, -1224, 1268, -402, 1268, -401, 460, -1196, 458, -1198, 458, -1198, 459, -1197, 459, -1198, 1269, -399, 459, -7918, 1269, -400, 1270, -399, 461, -1196, 1270, -399, 1271, -398, 459, -1198, 459, -1196, 460, -1197, 460, -1196, 459, -1197, 1271, -398, 461, -7915, 1271, -402, 1267, -399, 460, -1196, 1272, -398, 1271, -399, 461, -1195, 485, -1171, 460, -1196, 461, -1195, 462, -1195, 1273, -396, 461, -7914, 1298, -373, 1270, -398, 487, -1170, 1271, -398, 1271, -398, 462, -1195, 485, -1171, 486, -1170, 462, -1194, 485, -1172, 1296, -373, 486, -7891, 1297, -373, 1297, -372, 488, -1169, 1272, -398, 1272, -398, 486, -1170, 461, -1195, 462, -1194, 487, -1170, 461, -1195, 1271, -397, 462, -7914, 1271, -399, 1271, -398, 461, -1195, 1271, -399, 1271, -398, 461, -1195, 460, -1196, 460, -1196, 462, -1195, 461, -1195, 1271, -398, 461]

Oscillate:
[1184, -512, 1156, -513, 373, -1282, 1158, -512, 1157, -512, 348, -1333, 322, -1284, 1183, -510, 375, -1281, 351, -1280, 374, -1279, 402, -7999, 1185, -538, 1106, -539, 316, -1311, 1182, -513, 1131, -537, 323, -1304, 377, -1282, 1183, -460, 398, -1257, 374, -1332, 348, -1281, 347, -8025, 1159, -536, 1132, -535, 325, -1306, 1158, -539, 1158, -485, 374, -1282, 347, -1306, 1160, -538, 321, -1308, 347, -1333, 349, -1306, 324, -8051, 1156, -484, 1185, -483, 352, -1307, 1183, -537, 1098, -518, 349, -1306, 373, -1311, 1130, -536, 322, -1413, 243, -1360, 296, -1359, 301, -8045, 1159, -590, 1054, -536, 347, -1310, 1130, -538, 1132, -537, 324, -1334, 321, -1331, 1134, -509, 351, -1332, 348, -1311, 321, -1331, 321]

Timer:
[1159, -511, 1159, -535, 349, -1257, 1182, -512, 1182, -485, 350, -1308, 375, -1304, 348, -1281, 1159, -485, 425, -1256, 349, -1281, 400, -7944, 1237, -459, 1184, -485, 400, -1282, 1157, -487, 1182, -512, 345, -1310, 370, -1259, 401, -1280, 1184, -458, 401, -1255, 397, -1258, 400, -7997, 1184, -486, 1210, -457, 349, -1306, 1184, -485, 1184, -458, 374, -1284, 397, -1256, 400, -1256, 1209, -458, 402, -1255, 372, -1282, 375, -8022, 1159, -510, 1185, -510, 348, -1280, 1186, -458, 1211, -485, 347, -1311, 344, -1310, 372, -1258, 1206, -459, 375, -1305, 351, -1308, 346, -8052, 1157, -485, 1183, -484, 374, -1283, 1185, -458, 1210, -484, 373, -1282, 349, -1281, 401, -1281, 1184, -511, 348, -1257, 398, -1282, 375, -7971, 1186, -486, 1210, -510, 322, -1283, 1210, -487, 1156, -485, 399, -1280, 377, -1306, 323, -1306, 1186, -485, 348, -1306, 351, -1303, 376]

Night Mode:
[1158, -563, 1108, -586, 272, -1389, 1078, -511, 1155, -592, 269, -1337, 1132, -537, 316, -1392, 195, -1381, 324, -1387, 296, -1334, 325, -8052, 1131, -539, 1131, -537, 323, -1516, 376, -139, 423, -736, 138, -320, 517, -564, 164, -1412, 1158, -539, 141, -1543, 156, -1499, 295, -1387, 267, -1338, 311, -8141, 1057, -614, 1053, -537, 324, -1334, 1132, -679, 991, -597, 262, -1390, 1078, -538, 320, -1337, 294, -1386, 274, -1411, 229, -1348, 347, -8083, 143, -299, 102, -214, 347, -566, 138, -254, 711, -644, 139, -1465, 1078, -696, 139, -202, 583, -668, 243, -1470, 133, -561, 303, -2368, 176, -1488, 141, -1439, 139, -1444, 289, -8218, 158, -144, 634, -781, 98, -241, 102, -217, 264, -2274, 97, -397, 140, -1244, 243, -3083, 793, -668, 138, -1496, 135, -1619, 169, -1385, 228, -1572, 178, -7977, 1156, -593, 135, -199, 141, -255, 313, -734, 155, -1366, 240, -148, 714, -617, 337, -161, 557, -619, 240, -1387, 96, -288, 644, -641, 138, -3199, 99]

Power:
[1294, -396, 1278, -391, 466, -1191, 1275, -395, 1303, -366, 493, -1163, 468, -1188, 467, -1189, 466, -1191, 465, -1190, 466, -1190, 1276, -7098, 1294, -393, 1277, -397, 462, -1190, 1277, -393, 1276, -376, 482, -1191, 465, -1191, 467, -1189, 466, -1191, 470, -1185, 466, -1192, 1276, -7111, 1303, -367, 1277, -393, 467, -1189, 1277, -397, 1274, -391, 466, -1190, 469, -1187, 468, -1189, 467, -1189, 466, -1190, 466, -1191, 1275, -7115, 1276, -394, 1276, -393, 467, -1189, 1275, -395, 1276, -394, 467, -1188, 469, -1187, 466, -1189, 468, -1189, 466, -1189, 467, -1193, 1273]

2021-04-26 Inverted the receiver!

Oscillate:
[14:33:25][D][remote.rc_switch:256]: Received RCSwitch Raw: protocol=4 data='11011001000'
Speed:
[14:33:50][D][remote.rc_switch:256]: Received RCSwitch Raw: protocol=4 data='11011000001'
Timer:
[14:34:19][D][remote.rc_switch:256]: Received RCSwitch Raw: protocol=4 data='11011000100'
Headlight???
[14:34:44][D][remote.rc_switch:256]: Received RCSwitch Raw: protocol=4 data='11011010000'
Power:
[14:35:27][D][remote.rc_switch:256]: Received RCSwitch Raw: protocol=4 data='11011000000'

Speed transitions:

LO = 3, MED = 2, HI = 1 

Low -> Med: 2 cycles
2 - 3 = -1

Low -> High: 1 cycle
1 - 3 = -2

Med -> High: 2 cycles
1 - 2 = -1

Med -> Low: 1 cycle
3 - 2 = 1

High -> Low: 2 cycles
3 - 1 = 2

High -> Med: 1 cycle
2 - 1 = 1

###

LO = .33, MED = .66, HI = 1
L->M: 2
.66 - .33 = .33

H->L: 2
.33 - 1 = -.66

M->H: 2
1 - .66 = .33

L->H: 1
.33 - 1 = -.66

M->L: 1
1 - .33 = .66

H->M: 1
.66 - 1 = -.33


Transitions:
 |L|M|H
L|0|2|1
M|1|0|2
H|2|1|0
